966 101 23 34
969 104 23 33
971 106 23 33
974 109 22 33
975 111 22 32
977 112 22 32
977 113 22 33
979 115 22 33
980 117 22 33
982 119 22 33
984 120 21 32
985 121 21 32
985 122 21 32
987 123 21 32
989 125 21 32
990 128 21 32
992 130 21 32
992 133 21 32
992 134 21 32
993 137 21 32
993 139 21 32
992 142 22 32
993 143 21 32
994 144 21 32
994 145 21 32
993 146 22 32
994 147 22 33
994 147 22 33
994 148 22 33
994 147 22 34
994 147 22 34
995 148 22 34
995 151 22 34
995 152 22 34
995 153 23 34
997 153 22 35
997 153 22 35
997 154 22 35
998 154 22 35
999 154 22 35
1000 154 22 35
1000 153 22 34
1001 153 22 34
1002 152 22 34
1002 152 22 34
1003 152 22 34
1005 153 21 34
1005 153 21 34
1004 153 21 34
1006 154 22 34
1007 154 22 34
1007 153 22 33
1008 153 22 33
1009 152 22 33
1009 152 22 34
1010 151 22 34
1012 150 23 34
1013 149 23 34
1014 147 23 35
1016 147 23 35
1015 148 23 35
1016 148 23 36
1016 148 23 36
1017 149 23 36
1017 150 23 36
1017 150 23 36
1017 150 23 36
1017 150 23 36
1017 150 23 36
1017 149 22 36
1017 149 22 36
1017 148 22 35
1017 148 22 35
1016 148 22 35
1015 147 22 35
1015 147 22 35
1014 147 22 35
1012 149 22 35
1012 149 22 34
1011 150 23 34
1009 150 23 34
1007 152 23 34
1005 152 24 34
1003 152 24 35
1002 152 24 35
1000 152 24 35
997 152 24 35
995 152 24 36
993 150 24 36
991 151 24 36
991 152 24 36
989 152 24 36
987 153 24 36
985 154 24 36
984 156 24 36
982 156 23 36
982 156 23 36
981 157 23 36
979 157 23 36
979 157 23 36
978 156 23 36
978 155 23 36
977 155 22 36
976 154 22 36
976 154 22 35
976 154 22 35
976 154 22 35
976 153 22 35
976 154 22 35
977 154 22 35
977 154 22 35
977 154 22 35
978 154 22 35
977 155 23 35
978 155 23 36
977 154 23 36
978 153 23 36
978 152 23 36
979 150 23 37
979 149 23 37
978 150 23 37
979 149 24 38
978 149 24 38
978 149 24 38
979 149 24 38
978 149 24 38
977 150 24 38
978 149 24 38
979 149 24 38
978 149 24 38
978 148 24 39
979 147 24 38
979 146 23 38
979 145 23 38
979 145 23 38
980 144 23 37
980 144 23 37
981 144 23 36
981 145 23 36
981 144 23 36
982 144 23 35
982 145 23 35
983 145 23 36
983 145 22 36
983 145 22 36
984 145 22 36
985 145 22 36
984 146 23 36
984 146 23 36
984 147 23 36
984 146 23 37
983 146 23 37
981 147 23 37
980 145 23 37
978 145 23 37
976 144 23 37
975 143 23 37
973 142 22 37
971 139 22 38
969 137 23 37
966 137 23 37
965 137 23 36
963 137 23 36
963 137 24 36
961 137 23 35
958 137 23 35
955 137 23 35
953 138 23 35
949 136 22 34
949 137 22 34
948 135 22 34
945 135 22 34
943 134 23 34
939 133 23 34
936 135 23 34
936 135 23 34
934 137 23 34
930 135 23 34
926 136 23 34
924 133 23 34
923 131 20 37
924 131 19 38
923 129 17 39
922 128 17 40
921 129 16 40
920 129 16 39
919 129 16 39
918 130 17 39
917 130 17 39
916 129 17 39
917 126 16 41
917 125 16 42
919 123 15 43
919 121 14 43
920 121 14 44
921 121 14 44
923 122 14 44
924 120 15 45
928 119 15 44
927 119 15 44
928 120 16 44
929 121 16 43
931 121 16 43
933 119 16 43
937 117 16 44
937 116 15 44
941 116 15 44
942 114 15 43
944 116 14 43
945 114 14 43
947 113 14 43
948 114 14 43
949 115 14 43
950 115 14 43
950 115 14 43
950 116 14 43
949 115 15 43
949 114 15 43
949 114 15 43
949 114 14 43
949 115 14 42
948 114 14 42
948 113 14 42
948 114 14 42
948 112 14 43
947 111 14 44
947 112 14 44
947 110 14 45
947 109 14 45
947 109 14 46
947 108 14 46
946 108 15 46
947 108 15 46
946 108 15 46
947 107 15 46
947 107 15 46
947 107 15 46
948 105 15 46
948 105 15 46
949 103 15 47
950 101 15 48
950 100 16 48
951 100 16 48
952 100 16 48
953 99 16 48
954 98 16 48
955 97 17 48
956 96 17 48
957 97 17 48
958 96 17 48
960 95 17 49
962 95 17 49
963 93 17 50
964 94 17 50
965 94 17 50
967 92 18 51
968 92 18 51
970 91 18 51
972 91 18 51
973 91 18 51
974 92 18 50
976 93 18 50
977 91 18 49
979 92 18 49
981 92 17 49
982 91 17 49
983 91 17 48
984 91 17 48
985 90 17 48
987 90 17 49
989 90 18 48
989 88 18 48
991 88 18 48
993 88 18 48
994 88 18 48
996 87 18 48
998 86 18 47
999 84 18 48
1001 84 18 48
1003 83 18 48
1004 83 18 48
1006 81 18 48
1008 81 18 49
1009 80 18 49
1010 80 18 49
1012 79 18 49
1014 76 18 49
1015 75 18 50
1017 73 18 50
1018 73 18 50
1019 70 18 51
1020 70 18 51
1021 68 18 52
1021 66 18 53
1022 63 18 53
1022 63 19 53
1023 60 19 54
1024 59 19 54
1025 55 18 55
1027 53 18 54
1028 50 19 54
1029 51 18 55
1031 49 18 55
1033 48 18 54
1035 47 18 54
1037 43 18 54
1039 44 18 54
1040 44 18 53
1042 42 18 53
1043 42 19 53
1045 41 19 52
1047 39 19 52
1049 38 19 51
1050 38 19 51
1050 35 19 52
1052 34 19 51
1053 33 19 51
1054 32 19 51
1055 31 19 51
1055 31 19 51
1055 29 19 51
1055 29 19 51
1055 26 19 50
1054 24 18 50
1054 24 18 50
1053 24 18 49
1054 24 18 48
1053 24 18 47
1051 24 17 47
1052 23 17 46
1052 21 17 46
1052 21 17 45
1051 19 17 45
1051 18 17 45
1051 16 16 45
1050 14 16 44
1051 13 16 44
1050 13 16 44
1050 12 15 43
1049 10 15 43
1049 10 15 43
1048 9 15 42
1048 10 15 42
1048 9 15 42
1047 8 15 43
1047 6 15 43
1047 5 15 43
1046 4 15 43
1045 3 15 43
1046 4 15 42
1044 3 16 42
1044 2 15 42
1044 2 15 42
1044 1 15 41
1044 3 15 41
1044 3 15 41
1044 4 15 40
1044 5 15 40
1044 7 15 39
1044 8 14 39
1045 9 14 38
1045 9 14 37
1047 10 14 37
1048 11 14 36
1049 12 14 36
1050 12 14 35
1051 14 14 35
1052 14 14 35
1054 16 14 34
1055 16 13 34
1057 17 13 34
1060 18 13 34
1062 20 13 33
1062 19 13 33
1064 21 13 33
1066 23 13 33
1069 25 13 33
1070 26 13 33
1073 27 13 33
1073 27 13 33
1075 29 13 33
1078 30 13 33
1081 32 13 33
1083 33 13 33
1084 35 13 33
1085 35 12 33
1086 39 12 34
1088 45 11 35
1091 52 11 34
1092 53 11 34
1093 55 11 34
1092 54 11 33
1092 56 11 33
1093 56 11 34
1092 56 12 35
1092 58 13 35
1091 59 13 35
1090 60 14 36
1089 63 14 35
1089 64 15 36
1089 64 15 36
1088 65 16 36
1087 65 16 36
1087 66 16 37
1087 65 16 37
1086 66 16 38
1086 65 16 39
1085 66 16 39
1084 68 16 39
1084 68 16 39
1084 68 16 39
1083 69 16 39
1083 69 16 40
1082 70 16 40
1081 70 16 40
1082 70 16 40
1082 71 16 40
1081 72 16 40
1081 73 16 40
1080 75 16 40
1079 76 16 40
1078 76 16 39
1076 78 16 39
1075 78 15 39
1074 78 15 39
1072 78 15 39
1071 78 15 39
1071 78 15 39
1070 79 15 39
1070 79 16 39
1068 79 16 40
1067 79 16 39
1065 79 16 39
1065 80 17 39
1063 80 16 39
1062 80 16 40
1061 81 16 39
1059 81 16 40
1056 81 16 40
1056 81 16 39
1054 81 16 39
1052 81 17 39
1049 81 17 39
1046 82 16 39
1043 82 16 39
1042 82 16 39
1039 82 16 38
1036 82 16 38
1032 82 16 38
1026 81 16 38
1023 82 16 38
1021 82 16 39
1018 83 16 39
1015 85 16 39
1012 87 16 39
1008 87 16 39
1006 89 16 39
1004 89 16 39
1002 90 16 40
999 91 16 40
996 93 16 39
993 95 17 39
990 96 17 39
990 97 17 39
987 97 17 39
985 98 17 39
983 100 17 39
980 101 17 39
978 103 17 39
978 103 17 39
975 103 17 40
973 104 17 40
970 106 17 40
967 107 17 40
963 108 17 40
962 108 17 40
959 109 17 40
956 109 17 41
952 110 17 40
948 110 17 40
943 111 17 41
943 111 17 41
940 112 17 41
934 112 17 41
931 113 17 41
924 112 18 41
919 113 18 42
919 112 18 42
913 113 18 42
909 115 18 42
903 114 18 42
898 114 18 42
894 116 18 42
892 116 18 42
888 116 18 42
882 115 18 42
877 116 18 42
871 117 19 41
866 118 18 41
866 118 19 41
860 118 19 41
857 119 19 41
851 118 19 41
848 118 19 40
842 120 19 40
842 119 18 40
839 120 18 40
833 121 18 40
830 120 18 40
825 120 18 40
822 121 18 40
822 122 18 39
819 123 18 39
813 125 18 39
810 126 18 39
807 130 18 39
803 132 19 38
801 133 20 37
798 133 21 36
797 135 21 36
797 134 21 37
796 131 22 38
793 130 22 39
792 129 22 41
789 131 23 41
787 133 23 42
787 137 24 42
788 140 25 40
788 142 25 39
789 143 24 38
788 144 24 37
788 145 23 37
789 145 23 36
789 146 24 35
789 148 24 34
789 148 25 34
791 149 25 34
792 149 25 34
794 148 25 35
795 148 25 34
795 147 25 34
796 148 25 34
797 148 26 34
798 148 25 34
800 148 25 34
801 148 24 35
801 148 24 35
800 147 25 36
800 147 25 37
799 147 26 37
799 146 26 37
798 145 26 37
796 145 26 37
793 144 26 37
794 145 25 37
792 146 25 37
788 148 25 37
784 150 26 37
780 152 25 36
775 153 25 36
774 155 25 37
769 155 25 36
766 157 25 36
762 159 25 37
758 161 25 36
754 163 25 36
751 164 25 36
747 165 26 36
743 167 26 35
739 170 26 35
735 172 26 35
731 175 26 35
729 176 26 35
727 177 26 35
724 178 25 35
721 178 25 36
716 179 25 36
713 179 25 36
712 179 25 37
707 180 25 37
702 180 25 36
696 178 25 36
692 177 25 36
687 177 25 36
685 176 25 36
680 176 26 36
676 177 26 36
670 178 26 35
665 179 26 35
660 179 26 35
659 178 26 36
654 177 26 36
648 177 26 36
643 176 25 37
639 175 25 37
634 174 26 36
631 173 26 37
627 173 27 37
622 173 27 36
617 173 27 36
610 171 28 37
604 169 28 37
604 169 28 37
600 168 28 37
594 166 28 37
588 164 28 37
583 160 29 37
576 160 30 37
575 160 31 37
567 159 31 36
560 159 32 37
554 159 32 37
548 159 32 38
540 161 31 38
539 163 29 38
537 164 29 39
532 165 28 39
527 167 28 39
523 167 28 39
520 168 29 38
519 170 29 38
515 170 29 38
511 171 29 37
504 175 28 37
500 176 28 36
496 178 28 35
495 178 28 35
491 178 28 35
488 176 28 35
484 176 28 36
481 177 27 36
479 177 27 36
478 177 27 37
475 177 28 37
471 178 28 36
468 180 28 37
464 180 27 36
461 181 27 36
460 181 27 36
459 181 27 37
456 182 27 37
454 182 27 38
452 183 27 38
450 184 27 38
450 185 27 39
448 184 27 38
446 184 27 38
444 183 27 38
442 184 27 37
439 185 26 38
439 186 26 38
439 186 26 38
436 185 26 39
434 182 26 40
432 181 27 41
428 180 28 41
427 181 28 41
426 181 28 42
424 184 28 42
421 184 28 42
420 185 28 42
421 185 28 41
420 185 27 41
420 180 28 41
418 180 28 41
416 179 29 40
414 181 29 40
412 184 28 40
411 185 28 40
411 186 28 40
409 186 28 39
408 186 28 39
406 185 28 39
405 183 28 39
405 184 28 39
404 182 28 40
402 185 28 39
400 186 29 39
398 186 29 39
397 187 29 39
397 187 30 40
396 183 30 42
395 180 30 43
397 179 31 44
397 179 29 47
397 180 28 50
401 186 28 50
399 189 28 51
398 186 26 53
398 183 25 55
392 169 24 57
391 163 24 57
390 162 24 58
389 164 24 58
388 167 25 58
385 163 27 57
386 163 27 56
383 163 28 57
382 159 28 56
380 155 29 56
375 152 29 55
373 152 29 55
373 151 29 55
371 149 29 56
370 147 29 56
372 149 30 57
372 147 30 58
371 146 30 59
370 143 30 61
368 142 30 62
368 142 30 63
366 141 30 63
365 139 30 64
363 139 30 64
362 136 30 65
361 134 29 66
359 133 30 66
358 131 30 66
356 131 30 66
356 129 30 66
352 128 30 64
350 128 30 64
349 129 30 65
348 127 29 65
346 126 29 66
343 126 29 66
341 126 29 66
339 125 29 66
339 125 29 66
337 125 28 66
335 124 28 66
334 123 28 67
332 121 28 68
331 119 28 68
334 120 28 67
331 120 28 67
331 119 28 67
330 119 28 67
330 119 28 66
332 121 29 66
